"F3D0","F3D1","F3D2","F3D3","F3D5","F3D6","F3D7","F3D8","F3D9"
"F3D0",0,0.754038860020595,0.767972987760283,0.954037252056683,0.683057672149883,0.726048257759151,0.852353218465181,0.813686344790936,0.770023668513467
"F3D1",0.754038860020595,0,0.61016622288633,0.955312040205796,0.620296493301965,0.770309200413583,0.966921830670956,0.690093325442231,0.676419110036908
"F3D2",0.767972987760283,0.61016622288633,0,0.551512013255635,0.555316343764221,0.527418265646368,0.640302133021108,0.624054948991256,0.575322817747251
"F3D3",0.954037252056683,0.955312040205796,0.551512013255635,0,0.668739316239478,0.537857452261983,0.434714003945496,0.683243571610362,0.669075607693671
"F3D5",0.683057672149883,0.620296493301965,0.555316343764221,0.668739316239478,0,0.562771292820038,0.651692280299279,0.506069431348335,0.449276029650398
"F3D6",0.726048257759151,0.770309200413583,0.527418265646368,0.537857452261983,0.562771292820038,0,0.380003276514081,0.524471271287456,0.455650555458034
"F3D7",0.852353218465181,0.966921830670956,0.640302133021108,0.434714003945496,0.651692280299279,0.380003276514081,0,0.56280809822391,0.568084850826493
"F3D8",0.813686344790936,0.690093325442231,0.624054948991256,0.683243571610362,0.506069431348335,0.524471271287456,0.56280809822391,0,0.262598154524013
"F3D9",0.770023668513467,0.676419110036908,0.575322817747251,0.669075607693671,0.449276029650398,0.455650555458034,0.568084850826493,0.262598154524013,0
